N <- 200
Q <- 
c(1, 0, 0, 0, 0, 1, 0, 0, 0, 0, 0, 0, 1, 0, 0, 0, 1, 0, 0, 0, 1, 0,
0, 0, 1, 0, 1, 0, 0, 0, 0, 0, 1, 0, 1, 0, 0, 0, 0, 0, 0, 1, 0, 1, 0, 0, 0,
0, 0, 0, 0, 0, 1, 0, 0, 1, 0, 0, 0, 0, 0, 0, 0, 0, 0, 1, 0, 0, 0, 1, 0, 1,
1, 1, 1, 0, 0, 1, 0, 1, 0, 0, 0, 0, 0, 1, 0, 0, 0, 0, 0, 0, 0, 0, 0, 0, 1,
0, 0, 0, 0, 0, 0, 0, 0, 0, 0, 0, 1, 0, 0, 1, 0, 0, 0, 0, 0, 1, 1, 0, 0, 0,
1, 0, 1, 1, 1, 0, 0, 0, 0, 0, 0, 0, 0, 1, 1, 0, 0, 1, 0, 0, 0, 0, 0, 0, 0,
0, 0, 1, 0, 0, 1, 1, 0, 0, 0, 1, 0, 0, 0, 0, 0, 0, 0, 0, 0, 1, 0, 0, 0, 0,
1, 1, 0, 0, 0, 0, 1, 0, 0, 0, 0, 0, 0, 1, 0, 0, 0, 1, 1, 0, 0, 0, 1, 1, 0,
0, 0, 1)
E <- 
c(-0.189223735983886, 0.439541900823232, -0.38941646845517,
-0.873374292576526, -1.25782808762545, 0.334307803156051, 3.00580383561936,
3.93246770084998, 2.49882280825194, 1.94472118801881, 0.258368352892189,
-0.127920812545773, -0.618957412629195, -0.298823326013098,
-0.211506189635005, -1.70519629047501, -1.87535320702092, 1.49276396650349,
3.33716879025228, -0.572479481088563, -0.285491119809381,
-0.606259479382166, -2.08370599585116, -0.462138382891278,
-1.75740960981875, 1.60902967688073, -1.56072304746346, 0.191841766840262,
1.58220248863318, -0.845004191271427, 1.66460567054799, 1.73104910420531,
-2.41936394058083, -1.38674969946667, -0.763562334174386,
0.634244189091733, -2.2752011265809, -1.04884280810783, 0.826626286751754,
0.844037842078707, 1.26583513257267, 0.222204874421048,
-0.00517738333185025, 0.945938692856035, -1.41521009428304,
0.841363566182477, -0.305283963043653, 2.15052786153372, 1.31104661101608,
0.882935334474563, 0.682992541026688, 0.42208074306444, -1.61084897460384,
2.69369671354185, -1.80715628881477, -2.83972932059552, -2.83614513669461,
2.62129534670807, -2.85251069358944, 0.795582348760675, 2.1716152065465,
-2.17834062667637, 2.74259715101902, 0.490793952480107, -1.52917596243004,
-1.2158800089658, -1.19989309764118, 2.15386628291555, -1.73863585420906,
-2.88720014177871, 0.968405166681723, -0.664910751481917,
-0.957007615446922, -0.396315888548744, -2.38566843253679,
-1.63146250407173, -0.00843328569015012, -0.176827728828045,
-0.517574165671628, -3.31574071031178, -0.282846783105235,
-1.15369337386856, 0.107176332884375, 0.418095836125075, 1.4250293201309,
-1.2834929317218, -0.783250654720928, 0.20055597036326,
-0.0206978955804791, -2.51652567077477, -0.462493484903508,
-1.07244464133134, -1.25460849994792, 1.19437668644811, 1.85789235860039,
1.72900825468467, -4.08278401356422, 0.822134194371281, -2.04644275279585,
0.0194450267395687, 0.205049673759925, -0.146661698579876,
-0.390230159582152, -0.751601946107821, -1.64687560344218,
0.676252029319485, -1.95496533687469, 1.57254687283803, -0.546782936546475,
-0.000272104979895715, -0.695050453114801, -1.72016762453055,
-2.19058638064313, -1.59439512162894, 1.37027595276253, 1.68096195720973,
-1.19035016189189, -0.327413235719478, 0.459904411725693,
-0.676613312691529, 1.08566586781599, -1.95399168430223, -1.18882526542729,
-0.175725677993515, 0.356663305128137, 0.564056495388815,
0.014264769212859, 1.37044871859209, 0.479629154331107, -4.78453020626419,
-1.05914279895372, 0.0215895695342705, 1.49135803811736, -1.69423066082077,
0.302308840029225, -0.921534141277305, 0.497177317324967,
0.842712152137031, -0.583142882942817, -0.449395712150567,
-1.50855256309628, 1.43039326517402, 0.909106554093891, -1.7236223299205,
0.335518425337267, -1.27039806299123, -1.61306213140856, 1.73924542941767,
-1.08286364244857, -1.68030266181571, -0.625271129511446,
-0.327756523583709, -1.74779257038655, 0.754117994147882,
-1.63838236349188, 0.568388355314617, 0.926643313785616, -1.69424252391383,
1.18000658357859, -0.945869137985783, 0.243796924949986,
-0.264810943423352, -0.0264164361172632, -1.12612849921965,
2.15711250705074, 0.67952345349502, 0.700122179265415, -1.49161489844726,
1.39500960797869, -0.320134759285687, -0.594084278415699,
-1.67695739084412, 0.582434318757661, -3.63582875250278, 0.605027674540706,
-2.19701839030648, -1.35878998350518, -1.60578722046591, 0.102525759003072,
-1.58643989560471, -1.46894411233192, 1.99226733803742, 1.06410232744777,
-1.90873227467916, -1.02716645281242, -1.77306494062257, -1.98871455197073,
2.00881015872935, 0.0271342636979601, -0.657519183409415,
-0.66509363597181, 1.39607213638608, 0.767752692214818, 2.36029508698472,
0.102790078080599, 0.490389865678513, 0.575698510556809,
-0.913184169066054, -1.87087843569754, 0.0648314356339843)
