clade_id <- 
c(4, 4, 4, 4, 4, 2, 2, 2, 2, 2, 2, 2, 2, 2, 3, 3, 3, 3, 3, 3,
1, 1, 1, 1, 1, 1, 1, 1, 1)
N_clade_id <- 4
N <- 29
K <- 
c(-0.940040811018011, -0.816126340474727, -1.12591251683294,
-1.00199804628965, -0.258511223029953, -1.06395528156129,
-0.506340164116519, 1.53824859984765, 1.66216307039094, 1.72412030566258,
0.98063348240288, -1.12591251683294, 0.423018364958105, 0.423018364958105,
0.546932835501388, 0.237146659143181, 0.484975600229747, 2.03390648202079,
0.918676247131239, 1.22846242348945, -1.00199804628965, -0.13459675248667,
-0.816126340474727, -0.630254634659802, -0.940040811018011,
-0.692211869931444, -1.00199804628965, -0.568297399388161,
0.423018364958105)
