divorce <- 
c(12.7, 12.5, 10.8, 13.5, 8, 11.6, 6.7, 8.9, 6.3, 8.5, 11.5,
8.3, 7.7, 8, 11, 10.2, 10.6, 12.6, 11, 13, 8.8, 7.8, 9.2, 7.4, 11.1, 9.5,
9.1, 8.8, 10.1, 6.1, 10.2, 6.6, 9.9, 8, 9.5, 12.8, 10.4, 7.7, 9.4, 8.1,
10.9, 11.4, 10, 10.2, 9.6, 8.9, 10, 10.9, 8.3, 10.3)
median_age_marriage <- 
c(25.3, 25.2, 25.8, 24.3, 26.8, 25.7, 27.6, 26.6,
29.7, 26.4, 25.9, 26.9, 23.2, 27, 25.7, 25.4, 25, 24.8, 25.9, 26.4, 27.3,
28.5, 26.4, 26.3, 25.8, 25.6, 25.7, 25.4, 26.8, 27.7, 25.8, 28.4, 25.7,
25.3, 26.3, 24.4, 26, 27.1, 28.2, 26.4, 25.6, 25.2, 25.2, 23.3, 26.9, 26.4,
25.9, 25, 26.3, 24.2)
N <- 50
state_marriage_proportion <- 
c(20.2, 26, 20.3, 26.4, 19.1, 23.5, 17.1,
23.1, 17.7, 17, 22.1, 24.9, 25.8, 17.9, 19.8, 21.5, 22.1, 22.2, 20.6, 13.5,
18.3, 15.8, 16.5, 15.3, 19.3, 18.6, 18.5, 19.6, 16.7, 14.8, 20.4, 16.8,
20.4, 26.7, 16.9, 23.8, 18.9, 15.5, 15, 18.1, 20.1, 19.4, 21.5, 29.6, 16.4,
20.5, 21.4, 22.2, 17.2, 30.7)
