N <- 48
N_tank <- 48
surv <- 
c(9, 10, 7, 10, 9, 9, 10, 9, 4, 9, 7, 6, 7, 5, 9, 9, 24, 23, 22,
25, 23, 23, 23, 21, 6, 13, 4, 9, 13, 20, 8, 10, 34, 33, 33, 31, 31, 35, 33,
32, 4, 12, 13, 14, 22, 12, 31, 17)
density <- 
c(10, 10, 10, 10, 10, 10, 10, 10, 10, 10, 10, 10, 10, 10, 10,
10, 25, 25, 25, 25, 25, 25, 25, 25, 25, 25, 25, 25, 25, 25, 25, 25, 35, 35,
35, 35, 35, 35, 35, 35, 35, 35, 35, 35, 35, 35, 35, 35)
tank <- 
c(1, 2, 3, 4, 5, 6, 7, 8, 9, 10, 11, 12, 13, 14, 15, 16, 17, 18,
19, 20, 21, 22, 23, 24, 25, 26, 27, 28, 29, 30, 31, 32, 33, 34, 35, 36, 37,
38, 39, 40, 41, 42, 43, 44, 45, 46, 47, 48)
